76,76,76,76,76,76,76,76,76,76,76,76,76,76,76,76,76,76,76,76
76,76,76,76,76,76,76,76,76,76,76,76,76,76,76,76,76,76,76,76
76,76,76,76,76,76,76,76,76,76,76,76,76,76,76,76,76,76,76,76
76,76,76,76,76,76,76,76,76,76,76,76,76,76,76,76,76,76,76,76
76,76,76,76,76,76,76,76,76,76,76,76,76,76,76,76,76,76,76,76
76,76,76,76,76,76,76,76,76,76,76,76,76,76,76,76,76,59,59,59
76,76,76,76,76,76,76,76,76,76,76,76,76,76,76,76,76,59,76,76
76,76,76,76,76,76,76,76,76,76,76,76,76,76,76,76,76,59,76,76
76,76,76,76,76,78,76,76,76,76,76,76,76,76,76,76,76,59,76,76
76,76,76,76,76,76,76,76,76,76,76,76,76,76,76,76,76,59,76,78
59,59,59,59,59,59,59,59,76,76,76,76,78,76,76,76,76,59,76,76
76,76,76,76,76,76,76,59,59,59,59,76,76,76,76,76,76,59,59,76
76,76,78,76,76,76,76,76,76,76,59,76,76,76,76,76,76,76,59,76
76,76,76,76,76,76,76,76,78,76,59,59,59,59,59,76,76,76,59,76
76,76,76,76,76,76,76,76,76,76,76,76,76,76,59,59,59,76,59,76
76,76,76,76,76,76,76,76,76,76,76,76,78,76,76,76,59,76,59,76
76,76,76,76,76,76,76,76,76,76,76,76,76,76,76,76,59,76,59,76
76,76,76,76,76,76,76,76,76,76,76,76,76,76,78,76,59,59,59,76
76,76,76,76,76,76,76,76,76,76,76,76,76,76,76,76,76,78,76,76
76,76,76,76,76,76,76,76,76,76,76,76,76,76,76,76,76,76,76,76
